doc_id   class_id
17    2    
18    10    
20    2    
21    2    
22    2    
23    10    
24    10    
25    2    
26    10    
27    10    
28    2    
30    2    
32    2    
33    2    
34    10    
35    10    
36    2    
37    2    
38    10    
39    2    
40    10    
41    2    
42    10    
43    10    
45    2    
46    2    
47    2    
48    10    
49    10    
50    10    
51    10    
52    2    
53    2    
54    10    
55    10    
56    10    
57    10    
58    10    
59    10    
60    2    
61    2    
62    2    
63    10    
64    10    
65    2    
66    10    
67    3    
68    10    
69    10    
71    10    
72    2    
73    10    
74    10    
75    2    
76    10    
77    2    
78    10    
79    2    
80    10    
81    10    
82    2    
84    10    
85    2    
87    2    
88    10    
89    10    
90    2    
91    10    
93    10    
94    10    
95    2    
96    10    
97    2    
98    10    
99    10    
101    10    
103    2    
104    10    
105    2    
106    10    
107    2    
108    10    
109    10    
110    10    
111    2    
112    2    
114    10    
116    2    
117    10    
118    10    
119    2    
120    2    
121    2    
122    10    
123    10    
124    10    
125    10    
126    10    
127    10    
128    10    
129    10    
144    10    
146    9    
147    9    
148    9    
149    11    
150    10    
151    10    
152    9    
153    10    
154    10    
155    10    
156    10    
157    9    
158    10    
159    10    
160    10    
161    9    
162    10    
163    10    
164    9    
165    10    
166    9    
167    9    
168    10    
170    9    
171    1    
172    10    
173    10    
174    10    
175    1    
176    2    
177    1    
178    10    
179    9    
180    9    
181    13    
182    9    
183    2    
184    9    
185    10    
186    9    
187    9    
188    10    
189    10    
190    10    
191    10    
192    10    
193    1    
194    9    
195    10    
196    10    
197    10    
198    10    
199    10    
200    10    
201    10    
202    10    
203    10    
204    1    
205    1    
206    9    
207    10    
208    9    
209    6    
210    10    
211    10    
212    10    
213    10    
214    9    
215    9    
216    9    
217    9    
218    9    
219    10    
220    9    
221    9    
222    9    
223    10    
224    9    
225    9    
226    10    
227    10    
228    9    
229    10    
230    10    
231    10    
232    10    
233    9    
234    6    
235    10    
236    9    
237    9    
238    10    
239    12    
242    10    
246    9    
247    10    
249    9    
251    9    
252    9    
253    9    
257    10    
259    10    
261    9    
263    10    
264    9    
265    9    
266    9    
267    9    
268    9    
269    9    
270    9    
271    11    
272    9    
273    10    
274    9    
276    10    
277    9    
280    9    
281    9    
282    9    
283    10    
284    10    
285    10    
286    9    
287    9    
288    9    
289    10    
290    10    
291    10    
292    10    
293    9    
294    1    
297    11    
298    9    
299    9    
300    11    
302    10    
303    9    
306    11    
307    9    
310    10    
311    10    
312    10    
313    10    
314    9    
318    9    
319    9    
322    9    
323    9    
329    10    
330    10    
331    10    
332    9    
333    10    
334    10    
335    9    
336    9    
339    11    
340    10    
342    9    
343    9    
344    10    
345    10    
346    10    
347    11    
348    10    
349    9    
350    11    
351    10    
352    9    
353    11    
354    9    
355    10    
356    10    
357    10    
358    10    
359    9    
360    10    
361    10    
362    10    
363    10    
364    10    
365    10    
366    9    
367    9    
368    9    
369    1    
370    10    
371    10    
372    10    
373    9    
374    9    
375    10    
376    10    
377    1    
378    9    
379    9    
380    10    
381    10    
382    10    
383    10    
384    1    
385    9    
386    1    
387    9    
388    1    
389    1    
390    9    
391    10    
392    10    
393    10    
394    10    
395    10    
396    1    
398    2    
399    9    
400    1    
402    1    
403    10    
404    10    
405    10    
406    11    
407    9    
408    10    
409    10    
410    4    
411    9    
412    4    
413    10    
414    9    
415    10    
416    10    
417    9    
418    9    
419    1    
420    10    
421    10    
422    1    
423    1    
424    10    
425    1    
426    2    
427    9    
428    10    
429    10    
430    10    
431    1    
432    9    
433    10    
434    9    
435    1    
436    10    
437    9    
438    10    
439    10    
440    10    
441    10    
442    11    
444    1    
446    9    
447    9    
448    10    
449    10    
451    1    
452    9    
453    9    
454    10    
455    10    
456    10    
457    10    
458    9    
459    9    
460    1    
461    9    
462    9    
463    13    
464    1    
465    9    
467    1    
468    1    
469    9    
470    9    
471    9    
472    11    
473    10    
474    10    
475    9    
476    1    
477    1    
478    10    
479    1    
481    10    
482    1    
483    10    
484    9    
486    9    
487    10    
488    9    
489    1    
490    10    
491    11    
492    10    
493    11    
494    1    
495    11    
496    11    
497    11    
498    10    
499    10    
500    10    
501    10    
502    10    
503    10    
504    10    
505    10    
506    11    
507    10    
508    10    
509    11    
510    9    
511    9    
512    10    
514    11    
515    10    
516    10    
517    11    
518    9    
519    10    
521    9    
522    10    
524    1    
525    9    
528    10    
543    10    
544    13    
545    13    
546    10    
547    10    
548    13    
549    9    
550    10    
551    9    
552    10    
553    13    
554    13    
555    13    
556    13    
557    13    
558    13    
559    10    
560    10    
561    10    
562    9    
563    13    
564    13    
565    13    
566    10    
567    10    
568    13    
569    13    
570    10    
572    10    
577    10    
579    13    
580    13    
587    13    
589    12    
590    13    
591    10    
592    10    
593    10    
594    13    
595    13    
596    13    
597    8    
598    10    
599    12    
600    12    
601    12    
602    10    
603    12    
604    10    
605    12    
606    10    
607    12    
608    10    
609    12    
610    10    
611    10    
612    12    
613    10    
614    12    
615    12    
616    10    
617    10    
618    9    
619    10    
620    9    
621    12    
622    12    
623    9    
624    8    
625    1    
626    12    
627    13    
628    9    
629    10    
630    10    
631    2    
632    10    
633    12    
634    9    
636    12    
637    10    
638    8    
639    12    
640    10    
641    10    
642    8    
643    12    
644    12    
645    9    
647    1    
648    10    
649    10    
650    9    
651    8    
652    10    
653    8    
654    8    
655    9    
656    9    
657    8    
658    10    
659    8    
660    10    
661    8    
662    10    
663    10    
664    2    
665    10    
666    9    
667    8    
668    8    
669    10    
670    8    
671    8    
672    9    
673    10    
674    8    
675    8    
676    8    
677    8    
678    8    
679    9    
681    10    
682    8    
684    10    
685    8    
686    9    
687    12    
688    2    
689    2    
690    9    
691    9    
692    9    
693    9    
694    9    
695    10    
696    8    
697    10    
698    8    
699    10    
701    10    
703    8    
707    10    
710    8    
711    10    
712    10    
713    8    
714    9    
715    10    
716    9    
717    9    
718    13    
721    10    
725    11    
727    10    
728    9    
729    10    
734    8    
736    12    
737    12    
738    10    
739    12    
741    12    
742    10    
743    10    
745    2    
746    9    
747    9    
748    12    
749    11    
750    9    
753    11    
758    9    
761    9    
762    10    
763    9    
764    7    
765    9    
766    7    
767    7    
768    9    
769    9    
770    7    
771    7    
772    9    
773    10    
774    7    
775    9    
776    9    
777    9    
778    10    
779    10    
780    7    
782    9    
783    10    
784    7    
785    9    
786    7    
787    10    
788    9    
789    9    
790    9    
791    7    
792    12    
793    8    
795    7    
796    12    
797    10    
800    7    
802    7    
803    7    
804    7    
805    7    
806    7    
807    7    
808    10    
809    11    
810    1    
811    10    
814    4    
816    10    
827    12    
834    10    
835    6    
836    10    
837    6    
838    10    
843    10    
844    3    
845    5    
846    5    
847    10    
848    10    
849    10    
850    3    
851    6    
852    4    
853    5    
854    12    
855    7    
856    7    
857    6    
858    3    
859    10    
860    12    
861    5    
862    3    
863    10    
864    10    
865    10    
866    10    
867    10    
868    10    
869    7    
870    6    
871    4    
872    3    
873    10    
874    3    
875    9    
876    10    
877    5    
878    9    
879    10    
880    5    
881    6    
882    3    
883    10    
884    10    
885    5    
886    5    
887    5    
888    5    
889    6    
890    5    
891    10    
892    9    
893    10    
894    5    
895    5    
896    5    
897    5    
898    5    
899    10    
900    10    
901    9    
902    9    
903    5    
904    9    
905    3    
906    10    
907    5    
908    4    
909    3    
910    5    
911    5    
912    5    
913    4    
914    4    
915    5    
916    10    
917    10    
918    4    
919    9    
920    13    
921    10    
922    4    
923    5    
924    4    
925    4    
926    10    
927    10    
928    10    
929    10    
930    10    
931    5    
932    13    
933    4    
934    5    
935    5    
936    10    
937    10    
938    10    
939    5    
940    10    
941    5    
942    5    
943    3    
944    3    
945    7    
946    10    
947    7    
948    5    
949    7    
950    4    
951    7    
952    7    
953    10    
954    5    
955    5    
956    10    
957    5    
958    7    
959    5    
960    7    
961    10    
962    7    
963    7    
964    7    
965    10    
966    10    
967    10    
968    5    
969    10    
970    10    
971    10    
972    7    
973    5    
974    4    
975    10    
976    10    
977    7    
978    5    
979    10    
980    7    
981    5    
982    10    
983    10    
984    10    
985    10    
986    10    
987    10    
988    3    
989    10    
990    7    
991    5    
992    4    
993    7    
994    10    
996    5    
997    5    
1000    4    
1001    5    
1002    5    
1004    10    
1008    4    
1010    5    
1017    4    
1018    5    
1020    10    
1021    10    
1022    13    
1023    6    
1024    5    
1025    6    
1026    10    
1027    10    
1028    6    
1029    5    
1030    6    
1031    10    
1032    5    
1033    6    
1034    12    
1035    6    
1036    12    
1037    6    
1038    10    
1039    10    
1040    6    
1041    10    
1042    10    
1043    6    
1044    5    
1045    10    
1046    6    
1047    6    
1048    6    
1049    4    
1050    5    
1051    10    
1052    10    
1053    6    
1054    10    
1055    6    
1056    10    
1057    5    
1058    6    
1059    5    
1060    10    
1061    10    
1062    3    
1063    6    
1064    4    
1065    4    
1066    10    
1067    10    
1068    6    
1069    6    
1070    4    
1071    6    
1072    10    
1073    10    
1074    4    
1075    6    
1076    10    
1077    10    
1078    3    
1079    9    
1080    6    
1081    10    
1082    6    
1083    10    
1084    10    
1085    10    
1086    10    
1087    6    
1088    10    
1089    6    
1090    6    
1091    6    
1092    6    
1093    10    
1094    3    
1095    10    
