1

13

14

17

23

27

29

33

37

38

45

47

87

114

116

120

122

139

142

146

147

150

168

177

180

183

205

206

221

223

235

238

241

263

268

279

280

281

295

297

301

302

305

306

307

308

309

310

315

318

325

338

339

342

343

351

354

356

359

360

366

369

370

377

378

381

386

391

392

397

398

401

402

412

413

420

424

425

426

432

433

434

436

437

446

451

452

461

464

466

469

470

471

476

483

495

510

518

531

536

541

543

549

557

558

559

565

566

574

582

587

588

596

597

600

601

604

613

619

632

639

646

648

651

655

658

662

672

681

686

691

692

693

694

697

704

718

719

726

727

729

731

746

747

752

755

759

761

762

765

771

772

773

775

776

777

778

782

785

789

799

802

807

810

811

814

815

819

821

824

832

836

846

853

854

859

861

862

871

872

873

876

879

882

883

888

889

890

891

896

899

904

905

906

908

910

911

916

921

924

925

926

933

942

943

948

953

960

961

974

975

979

991

994

996

997

1001

1002

1003

1008

1009

1010

1011

1014

1016

1025

1045

1049

1050

1051

1056

1066

1070

1075

1076

1090

1092

1095

271

12
1069
583
460
915
852
903
647
920
794
396
992
590
770
42
210
856
830
1000
932
857
684
344
489
62
838
909
949
84
748
40
791
801
542
65
668
699
935
989
78
345
657
1030
44
640
1036
756
20
1034
795
959
1072
296
875
591
998
660
266
21
68
643
400
952
46
703
818
282
796
721
88
1079
234
695
847
783
999
923
1059
240
981
1007
86
472
665
320
11
1065
895
337
1005
108
768
671
831
144
388
863
519
496
636
1063
385
399
767
985
270
525
675
336
689
917
740
265
1058
454
881
311
390
715
341
709
522
16
54
1033
408
669
683
299
322
687
792
950
705
395
283
300
892
678
677
1088
1031
790
494
225
556
893
564
389
80
443
492
323
453
407
580
403
233
73
688
837
813
569
851
419
858
757
1038
964
741
937
654
229
463
148
711
714
642
134
327
649
886
808
478
477
170
66
551
570
3
257
367
673
1068
749
18
313
1093
272
735
267
951
123
598
944
945
635
934
294
787
764
448
841
887
840
304
1019
827
645
774
1046
1091
137
793
797
800
629
184
995
656
194
117
216
165
806
153
1017
91
326
828
878
1026
1064
742
32
1044
215
254
520
1012
418
371
480
350
571
993
487
912
249
124
1024
289
732
226
940
1015
978
158
317
256
628
447
914
1087
490
621
842
112
1060
511
167
1083
178
913
679
1018
255
96
637
625
5
931
751
442
845
737
121
207
444
728
738
843
754
555
105
626
870
1054
1048
618
750
172
505
181
1041
415
1023
333
353
459
324
176
31
1055
427
897
936
53
593
986
298
898
546
1081
676
586
988
275
438
269
733
734
187
550
723
817
894
355
545
368
468
990
465
1047
701
535
498
781
581
361
439
250
1094
1029
554
514
567
445
627
2
349
724
26
1035
1037
6
515
118
902
963
380
575
162
720
429
644
615
803
227
736
744
804
1027
357
106
135
534
423
83
786
652
529
174
288
967
919
973
938
955
319
717
171
538
507
667
497
435
348
219
706
707
958
563
1061
969
462
387
812
473
242
833
860
1084
340
965
839
287
1022
486
766
252
259
173
982
375
481
805
956
260
222
713
1080
624
374
745
430
1074
41
612
1077
22
316
855
725
188
946
552
34
140
848
1032
1006
1082
816
273
834
48
957
866
970
977
880
61
710
971
850
849
641
276
1073
779
262
708
485
526
347
185
136
239
488
379
143
634
784
622
623
966
411
1013
98
743
653
199
760
630
984
133
530
528
30
972
595
198
553
237
941
243
874
365
201
76
922
213
212
214
602
702
195
606
414
182
209
156
159
203
608
1039
576
358
384
820
10
9
877
835
179
141
52
77
968
394
610
517
406
527
456
372
217
245
769
947
43
440
927
929
987
104
864
739
364
512
763
1071
431
798
164
826
127
244
428
962
113
716
422
976
980
868
1004
64
1078
373
321
954
131
844
616
572
81
907
900
865
93
417
869
983
605
663
664
63
521
825
666
246
901
562
382
524
149
885
1028
330
758
71
28
467
1067
457
516
101
617
829
163
823
592
253
190
103
115
475
1052
132
700
110
200
82
1040
291
312
661
251
822
690
409
458
479
151
421
332
166
780
247
533
609
278
680
70
753
416
218
24
670
650
186
474
659
482
788
129
638
59
532
383
809
1021
722
633
523
51
211
261
154
620
449
928
939
1089
1053
1086
561
589
1085
544
506
303
119
674
346
682
111
594
314
264
109
696
867
352
577
1057
537
39
730
102
107
125
1042
19
568
363
685
126
455
92
611
97
1043
499
329
450
220
335
698
328
94
614
274
539
202
712
35
8
224
404
441
69
292
884
362
128
36
1020
145
74
599
493
607
393
286
277
573
405
157
231
196
230
1062
547
504
503
491
293
75
376
484
248
95
191
60
152
99
603
509
56
508
410
50
49
579
502
548
25
161
285
334
331
55
584
500
501
513
290
540
585
284
100
228
57
7
4
578
930
58
138
15
560
85
918
232
631
67
160
236
258
197
204
192
193
208
89
90
189
72
175
169
155
79
130

