1

2

3

5

6

11

12

13

14

16

17

18

20

21

23

26

27

29

31

32

33

37

38

40

42

44

45

46

47

53

54

62

65

66

68

73

78

80

83

84

86

87

88

91

96

105

106

108

112

114

116

117

118

120

121

122

123

124

134

135

137

139

142

144

146

147

148

150

153

158

162

165

167

168

170

172

174

176

177

178

180

181

183

184

187

194

205

206

207

210

215

216

221

223

225

226

227

229

233

234

235

238

240

241

249

250

254

255

256

257

263

265

266

267

268

269

270

271

272

275

279

280

281

282

283

288

289

294

295

296

297

298

299

300

301

302

304

305

306

307

308

309

310

311

313

315

317

318

320

322

323

324

325

326

327

333

336

337

338

339

341

342

343

344

345

349

350

351

353

354

355

356

357

359

360

361

366

367

368

369

370

371

377

378

380

381

385

386

388

389

390

391

392

395

396

397

398

399

400

401

402

403

407

408

412

413

415

418

419

420

423

424

425

426

427

429

432

433

434

436

437

438

439

442

443

444

445

446

447

448

451

452

453

454

459

460

461

463

464

465

466

468

469

470

471

472

476

477

478

480

483

487

489

490

492

494

495

496

498

505

510

511

514

515

518

519

520

522

525

529

531

534

535

536

541

542

543

545

546

549

550

551

554

555

556

557

558

559

564

565

566

567

569

570

571

574

575

580

581

582

583

586

587

588

590

591

593

596

597

598

600

601

604

613

615

618

619

621

625

626

627

628

629

632

635

636

637

639

640

642

643

644

645

646

647

648

649

651

652

654

655

656

657

658

660

662

665

668

669

671

672

673

675

676

677

678

679

681

683

684

686

687

688

689

691

692

693

694

695

697

699

701

703

704

705

709

711

714

715

718

719

720

721

723

724

726

727

728

729

731

732

733

734

735

736

737

738

740

741

742

744

746

747

748

749

750

751

752

754

755

756

757

759

761

762

764

765

767

768

770

771

772

773

774

775

776

777

778

781

782

783

785

786

787

789

790

791

792

793

794

795

796

797

799

800

801

802

803

804

806

807

808

810

811

813

814

815

817

818

819

821

824

827

828

830

831

832

836

837

838

840

841

842

843

845

846

847

851

852

853

854

856

857

858

859

861

862

863

870

871

872

873

875

876

878

879

881

882

883

886

887

888

889

890

891

892

893

894

895

896

897

898

899

902

903

904

905

906

908

909

910

911

912

913

914

915

916

917

920

921

923

924

925

926

931

932

933

934

935

936

937

940

942

943

944

945

948

949

950

951

952

953

959

960

961

963

964

967

974

975

978

979

981

985

986

988

989

990

991

992

993

994

995

996

997

998

999

1000

1001

1002

1003

1005

1007

1008

1009

1010

1011

1012

1014

1015

1016

1017

1018

1019

1023

1024

1025

1026

1027

1029

1030

1031

1033

1034

1035

1036

1037

1038

1041

1044

1045

1046

1047

1048

1049

1050

1051

1054

1055

1056

1058

1059

1060

1063

1064

1065

1066

1068

1069

1070

1072

1075

1076

1079

1081

1083

1087

1088

1090

1091

1092

1093

1094

1095

919
973
938
955
319
717
171
538
507
667
497
435
348
219
706
707
958
563
1061
969
462
387
812
473
242
833
860
1084
340
965
839
287
1022
486
766
252
259
173
982
375
481
805
956
260
222
713
1080
624
374
745
430
1074
41
612
1077
22
316
855
725
188
946
552
34
140
848
1032
1006
1082
816
273
834
48
957
866
970
977
880
61
710
971
850
849
641
276
1073
779
262
708
485
526
347
185
136
239
488
379
143
634
784
622
623
966
411
1013
98
743
653
199
760
630
984
133
530
528
30
972
595
198
553
237
941
243
874
365
201
76
922
213
212
214
602
702
195
606
414
182
209
156
159
203
608
1039
576
358
384
820
10
9
877
835
179
141
52
77
968
394
610
517
406
527
456
372
217
245
769
947
43
440
927
929
987
104
864
739
364
512
763
1071
431
798
164
826
127
244
428
962
113
716
422
976
980
868
1004
64
1078
373
321
954
131
844
616
572
81
907
900
865
93
417
869
983
605
663
664
63
521
825
666
246
901
562
382
524
149
885
1028
330
758
71
28
467
1067
457
516
101
617
829
163
823
592
253
190
103
115
475
1052
132
700
110
200
82
1040
291
312
661
251
822
690
409
458
479
151
421
332
166
780
247
533
609
278
680
70
753
416
218
24
670
650
186
474
659
482
788
129
638
59
532
383
809
1021
722
633
523
51
211
261
154
620
449
928
939
1089
1053
1086
561
589
1085
544
506
303
119
674
346
682
111
594
314
264
109
696
867
352
577
1057
537
39
730
102
107
125
1042
19
568
363
685
126
455
92
611
97
1043
499
329
450
220
335
698
328
94
614
274
539
202
712
35
8
224
404
441
69
292
884
362
128
36
1020
145
74
599
493
607
393
286
277
573
405
157
231
196
230
1062
547
504
503
491
293
75
376
484
248
95
191
60
152
99
603
509
56
508
410
50
49
579
502
548
25
161
285
334
331
55
584
500
501
513
290
540
585
284
100
228
57
7
4
578
930
58
138
15
560
85
918
232
631
67
160
236
258
197
204
192
193
208
89
90
189
72
175
169
155
79
130

