
1095    1095    1095    78    129    

1094    1094    1094    78    129    

1093    1093    1093    154    1173    

1092    1092    1092    168    1249    

1091    1091    1091    174    1263    

1090    1090    1090    71    1269    

1089    1089    1089    188    1166    

1088    1088    1088    89    1283    

1087    1087    1087    88    1184    

1086    1086    1086    207    1183    

1085    1085    1085    192    1302    

1084    1084    1084    191    1287    

1083    1083    1083    203    1286    

1082    1082    1082    196    1298    

1081    1081    1081    257    1291    

1080    1080    1080    235    1352    

1079    1079    1079    159    1330    

1078    1078    1078    66    1254    

1077    1077    1077    630    1161    

1076    1076    1076    231    1725    

1075    1075    1075    917    1326    

1074    1074    1074    84    2012    

1073    1073    1073    559    1179    

1072    1072    1072    14    1654    

1071    1071    1071    137    1109    

1070    1070    1070    57    1232    

1069    1069    1069    929    1152    

1068    1068    1068    577    2024    

1067    1067    1067    3    1672    

1066    1066    1066    6    1098    

1065    1065    1065    56    1101    

1064    1064    1064    227    1151    

1063    1063    1063    99    1322    

1062    1062    1062    283    1194    

1061    1061    1061    584    1378    

1060    1060    1060    539    1679    

1059    1059    1059    289    1634    

1058    1058    1058    512    1384    

1057    1057    1057    500    1607    

1056    1056    1056    499    1595    

1055    1055    1055    583    1594    

1054    1054    1054    54    1678    

1053    1053    1053    330    1149    

1052    1052    1052    333    1425    

1051    1051    1051    284    1428    

1050    1050    1050    160    1379    

1049    1049    1049    24    1255    

1048    1048    1048    547    1119    

1047    1047    1047    501    1642    

1046    1046    1046    578    1596    

1045    1045    1045    48    1673    

1044    1044    1044    49    1143    

1043    1043    1043    409    1144    

1042    1042    1042    507    1504    

1041    1041    1041    55    1602    

1040    1040    1040    508    1150    

1039    1039    1039    602    1603    

1038    1038    1038    98    1697    

1037    1037    1037    151    1193    

1036    1036    1036    59    1246    

1035    1035    1035    190    1154    

1034    1034    1034    94    1285    

1033    1033    1033    247    1189    

1032    1032    1032    483    1342    

1031    1031    1031    375    1578    

1030    1030    1030    74    1470    

1029    1029    1029    292    1169    

1028    1028    1028    490    1387    

1027    1027    1027    502    1585    

1026    1026    1026    503    1597    

1025    1025    1025    546    1598    

1024    1024    1024    1061    1641    

1023    1023    1023    229    2156    

1022    1022    1022    195    1324    

1021    1021    1021    230    1290    

1020    1020    1020    156    1325    

1019    1019    1019    404    1251    

1018    1018    1018    572    1499    

1017    1017    1017    276    1667    

1016    1016    1016    285    1371    

1015    1015    1015    392    1380    

1014    1014    1014    606    1487    

1013    1013    1013    492    1701    

1012    1012    1012    598    1587    

1011    1011    1011    73    1693    

1010    1010    1010    144    1168    

1009    1009    1009    1019    1239    

1008    1008    1008    35    2114    

1007    1007    1007    127    1130    

1006    1006    1006    361    1222    

1005    1005    1005    883    1456    

1004    1004    1004    291    1978    

1003    1003    1003    68    1386    

1002    1002    1002    440    1163    

1001    1001    1001    403    1535    

1000    1000    1000    223    1498    

999    999    999    7    1318    

998    998    998    34    1102    

997    997    997    711    1129    

996    996    996    201    1806    

995    995    995    538    1296    

994    994    994    273    1633    

993    993    993    613    1368    

992    992    992    93    1708    

991    991    991    327    1188    

990    990    990    697    1422    

989    989    989    334    1792    

988    988    988    219    1429    

987    987    987    449    1314    

986    986    986    328    1544    

985    985    985    498    1423    

984    984    984    1042    1593    

983    983    983    96    2137    

982    982    982    610    1191    

981    981    981    91    1705    

980    980    980    454    1186    

979    979    979    125    1549    

978    978    978    684    1220    

977    977    977    362    1779    

976    976    976    567    1457    

975    975    975    18    1662    

974    974    974    1041    1113    

973    973    973    124    2136    

972    972    972    106    1219    

971    971    971    101    1201    

970    970    970    729    1196    

969    969    969    38    1824    

968    968    968    536    1133    

967    967    967    1056    1631    

966    966    966    576    2151    

965    965    965    351    1671    

964    964    964    866    1446    

963    963    963    695    1961    

962    962    962    108    1790    

961    961    961    263    1203    

960    960    960    313    1358    

959    959    959    593    1408    

958    958    958    110    1688    

957    957    957    681    1205    

956    956    956    345    1776    

955    955    955    673    1440    

954    954    954    118    1768    

953    953    953    302    1213    

952    952    952    505    1397    

951    951    951    543    1600    

950    950    950    1084    1638    

949    949    949    588    2179    

948    948    948    560    1683    

947    947    947    1085    1655    

946    946    946    1052    2180    

945    945    945    1088    2147    

944    944    944    938    2183    

943    943    943    927    2033    

942    942    942    448    2022    

941    941    941    619    1543    

940    940    940    153    1714    

939    939    939    260    1248    

938    938    938    210    1355    

937    937    937    50    1305    

936    936    936    522    1145    

935    935    935    632    1617    

934    934    934    721    1727    

933    933    933    1020    1816    

932    932    932    808    2115    

931    931    931    382    1903    

930    930    930    531    1477    

929    929    929    58    1626    

928    928    928    637    1153    

927    927    927    128    1732    

926    926    926    787    1223    

925    925    925    481    1882    

924    924    924    658    1576    

923    923    923    473    1753    

922    922    922    185    1568    

921    921    921    649    1280    

920    920    920    669    1744    

919    919    919    23    1764    

918    918    918    217    1118    

917    917    917    415    1312    

916    916    916    752    1510    

915    915    915    69    1847    

914    914    914    679    1164    

913    913    913    277    1774    

912    912    912    608    1372    

911    911    911    532    1703    

910    910    910    246    1627    

909    909    909    779    1341    

908    908    908    165    1874    

907    907    907    331    1260    

906    906    906    420    1426    

905    905    905    150    1515    

904    904    904    478    1245    

903    903    903    457    1573    

902    902    902    408    1552    

901    901    901    689    1503    

900    900    900    821    1784    

899    899    899    250    1916    

898    898    898    660    1345    

897    897    897    311    1755    

896    896    896    290    1406    

895    895    895    1039    1385    

894    894    894    81    2134    

893    893    893    199    1176    

892    892    892    109    1294    

891    891    891    699    1204    

890    890    890    131    1794    

889    889    889    1051    1226    

888    888    888    474    2146    

887    887    887    114    1569    

886    886    886    102    1209    

885    885    885    189    1197    

884    884    884    252    1284    

883    883    883    591    1347    

882    882    882    822    1686    

881    881    881    162    1917    

880    880    880    828    1257    

879    879    879    616    1923    

878    878    878    100    1711    

877    877    877    515    1195    

876    876    876    456    1610    

875    875    875    1066    1551    

874    874    874    466    2161    

873    873    873    27    1561    

872    872    872    70    1122    

871    871    871    757    1165    

870    870    870    329    1852    

869    869    869    1027    1424    

868    868    868    884    2122    

867    867    867    148    1979    

866    866    866    523    1243    

865    865    865    381    1618    

864    864    864    561    1476    

863    863    863    900    1656    

862    862    862    245    1995    

861    861    861    665    1340    

860    860    860    824    1760    

859    859    859    520    1919    

858    858    858    62    1615    

857    857    857    663    1157    

856    856    856    662    1758    

855    855    855    604    1757    

854    854    854    982    1699    

853    853    853    868    2077    

852    852    852    416    1963    

851    851    851    92    1511    

850    850    850    864    1187    

849    849    849    899    1959    

848    848    848    906    1994    

847    847    847    80    2001    

846    846    846    571    1175    

845    845    845    615    1666    

844    844    844    843    1710    

843    843    843    130    1938    

842    842    842    953    1225    

841    841    841    320    2048    

840    840    840    372    1415    

839    839    839    1077    1467    

838    838    838    63    2172    

837    837    837    1003    1158    

836    836    836    867    2098    

835    835    835    979    1962    

834    834    834    975    2074    

833    833    833    421    2070    

832    832    832    715    1516    

831    831    831    112    1810    

830    830    830    961    1207    

829    829    829    427    2056    

828    828    828    243    1522    

827    827    827    126    1338    

826    826    826    825    1221    

825    825    825    163    1920    

824    824    824    797    1258    

823    823    823    430    1892    

822    822    822    1070    1525    

821    821    821    762    2165    

820    820    820    511    1857    

819    819    819    363    1606    

818    818    818    738    1458    

817    817    817    863    1833    

816    816    816    103    1958    

815    815    815    986    1198    

814    814    814    928    2081    

813    813    813    926    2023    

812    812    812    439    2021    

811    811    811    42    1534    

810    810    810    946    1137    

809    809    809    768    2041    

808    808    808    244    1863    

807    807    807    216    1339    

806    806    806    371    1311    

805    805    805    455    1466    

804    804    804    526    1550    

803    803    803    405    1621    

802    802    802    516    1500    

801    801    801    609    1611    

800    800    800    393    1704    

799    799    799    967    1488    

798    798    798    76    2062    

797    797    797    51    1171    

796    796    796    140    1146    

795    795    795    178    1235    

794    794    794    834    1273    

793    793    793    876    1929    

792    792    792    8    1971    

791    791    791    9    1103    

790    790    790    819    1104    

789    789    789    383    1914    

788    788    788    357    1478    

787    787    787    575    1452    

786    786    786    1038    1670    

785    785    785    607    2133    

784    784    784    202    1702    

783    783    783    158    1297    

782    782    782    155    1253    

781    781    781    208    1250    

780    780    780    181    1303    

779    779    779    413    1276    

778    778    778    605    1508    

777    777    777    194    1700    

776    776    776    701    1289    

775    775    775    601    1796    

774    774    774    213    1696    

773    773    773    211    1308    

772    772    772    212    1306    

771    771    771    921    1307    

770    770    770    75    2016    

769    769    769    200    1170    

768    768    768    364    1295    

767    767    767    873    1459    

766    766    766    242    1968    

765    765    765    940    1337    

764    764    764    236    2035    

763    763    763    552    1331    

762    762    762    197    1647    

761    761    761    594    1292    

760    760    760    971    1689    

759    759    759    29    2066    

758    758    758    527    1124    

757    757    757    529    1622    

756    756    756    132    1624    

755    755    755    983    1227    

754    754    754    629    2078    

753    753    753    759    1724    

752    752    752    198    1854    

751    751    751    652    1293    

750    750    750    742    1747    

749    749    749    97    1837    

748    748    748    1012    1192    

747    747    747    410    2107    

746    746    746    965    1505    

745    745    745    622    2060    

744    744    744    621    1717    

743    743    743    783    1716    

742    742    742    633    1878    

741    741    741    142    1728    

740    740    740    378    1237    

739    739    739    487    1473    

738    738    738    238    1582    

737    737    737    135    1333    

736    736    736    184    1230    

735    735    735    346    1279    

734    734    734    525    1441    

733    733    733    484    1620    

732    732    732    707    1579    

731    731    731    261    1802    

730    730    730    778    1356    

729    729    729    1072    1873    

728    728    728    275    2167    

727    727    727    640    1370    

726    726    726    848    1735    

725    725    725    849    1943    

724    724    724    970    1944    

723    723    723    709    2065    

722    722    722    60    1804    

721    721    721    879    1155    

720    720    720    976    1974    

719    719    719    969    2071    

718    718    718    865    2064    

717    717    717    956    1960    

716    716    716    47    2051    

715    715    715    833    1142    

714    714    714    272    1928    

713    713    713    815    1367    

712    712    712    1081    1910    

711    711    711    1005    2176    

710    710    710    1031    2100    

709    709    709    847    2126    

708    708    708    139    1942    

707    707    707    33    1234    

706    706    706    551    1128    

705    705    705    945    1646    

704    704    704    187    2040    

703    703    703    724    1282    

702    702    702    854    1819    

701    701    701    315    1949    

700    700    700    21    1410    

699    699    699    1076    1116    

698    698    698    611    2171    

697    697    697    40    1706    

696    696    696    1073    1135    

695    695    695    429    2168    

694    694    694    744    1524    

693    693    693    373    1839    

692    692    692    623    1468    

691    691    691    1079    1718    

690    690    690    712    2174    

689    689    689    221    1807    

688    688    688    259    1316    

687    687    687    955    1354    

686    686    686    804    2050    

685    685    685    480    1899    

684    684    684    374    1575    

683    683    683    981    1469    

682    682    682    172    2076    

681    681    681    258    1267    

680    680    680    251    1353    

679    679    679    765    1346    

678    678    678    485    1860    

677    677    677    1021    1580    

676    676    676    286    2116    

675    675    675    838    1381    

674    674    674    964    1933    

673    673    673    339    2059    

672    672    672    1083    1434    

671    671    671    859    2178    

670    670    670    832    1954    

669    669    669    241    1927    

668    668    668    472    1336    

667    667    667    811    1567    

666    666    666    386    1906    

665    665    665    461    1481    

664    664    664    968    1556    

663    663    663    1060    2063    

662    662    662    562    2155    

661    661    661    957    1657    

660    660    660    706    2052    

659    659    659    705    1801    

658    658    658    218    1800    

657    657    657    347    1313    

656    656    656    434    1442    

655    655    655    496    1529    

654    654    654    666    1591    

653    653    653    506    1761    

652    652    652    537    1601    

651    651    651    170    1632    

650    650    650    716    1265    

649    649    649    318    1811    

648    648    648    954    1413    

647    647    647    937    2049    

646    646    646    972    2032    

645    645    645    918    2067    

644    644    644    966    2013    

643    643    643    287    2061    

642    642    642    173    1382    

641    641    641    528    1268    

640    640    640    651    1623    

639    639    639    785    1746    

638    638    638    82    1880    

637    637    637    422    1177    

636    636    636    533    1517    

635    635    635    134    1628    

634    634    634    105    1229    

633    633    633    356    1200    

632    632    632    1026    1451    

631    631    631    803    2121    

630    630    630    743    1898    

629    629    629    735    1838    

628    628    628    226    1830    

627    627    627    802    1321    

626    626    626    614    1897    

625    625    625    643    1709    

624    624    624    428    1738    

623    623    623    719    1523    

622    622    622    161    1814    

621    621    621    574    1256    

620    620    620    379    1669    

619    619    619    962    1474    

618    618    618    901    2057    

617    617    617    117    1996    

616    616    616    514    1212    

615    615    615    5    1609    

614    614    614    1036    1100    

613    613    613    1034    2131    

612    612    612    25    2129    

611    611    611    723    1120    

610    610    610    348    1818    

609    609    609    1    1443    

608    608    608    626    1096    

607    607    607    444    1721    

606    606    606    566    1539    

605    605    605    513    1661    

604    604    604    553    1608    

603    603    603    1028    1648    

602    602    602    1093    2123    

601    601    601    249    2188    

600    600    600    438    1344    

599    599    599    360    1533    

598    598    598    580    1455    

597    597    597    780    1675    

596    596    596    497    1875    

595    595    595    534    1592    

594    594    594    700    1629    

593    593    593    1046    1795    

592    592    592    464    2141    

591    591    591    989    1559    

590    590    590    467    2084    

589    589    589    367    1562    

588    588    588    544    1462    

587    587    587    354    1639    

586    586    586    893    1449    

585    585    585    816    1988    

584    584    584    722    1911    

583    583    583    549    1817    

582    582    582    186    1644    

581    581    581    733    1281    

580    580    580    732    1828    

579    579    579    268    1827    

578    578    578    437    1363    

577    577    577    274    1532    

576    576    576    987    1369    

575    575    575    585    2082    

574    574    574    675    1680    

573    573    573    1080    1770    

572    572    572    545    2175    

571    571    571    897    1640    

570    570    570    297    1992    

569    569    569    985    1392    

568    568    568    592    2080    

567    567    567    52    1687    

566    566    566    935    1147    

565    565    565    896    2030    

564    564    564    426    1991    

563    563    563    1054    1521    

562    562    562    30    2149    

561    561    561    175    1125    

560    560    560    323    1270    

559    559    559    458    1418    

558    558    558    352    1553    

557    557    557    332    1447    

556    556    556    1022    1427    

555    555    555    414    2117    

554    554    554    1040    1509    

553    553    553    180    2135    

552    552    552    504    1275    

551    551    551    171    1599    

550    550    550    749    1266    

549    549    549    617    1844    

548    548    548    1047    1712    

547    547    547    1053    2142    

546    546    546    869    2148    

545    545    545    625    1964    

544    544    544    104    1720    

543    543    543    554    1199    

542    542    542    753    1649    

541    541    541    842    1848    

540    540    540    737    1937    

539    539    539    727    1832    

538    538    538    443    1822    

537    537    537    206    1538    

536    536    536    120    1301    

535    535    535    736    1215    

534    534    534    844    1831    

533    533    533    441    1939    

532    532    532    750    1536    

531    531    531    930    1845    

530    530    530    4    2025    

529    529    529    624    1099    

528    528    528    636    1719    

527    527    527    95    1731    

526    526    526    254    1190    

525    525    525    1017    1349    

524    524    524    678    2112    

523    523    523    912    1773    

522    522    522    177    2007    

521    521    521    1082    1272    

520    520    520    166    2177    

519    519    519    510    1261    

518    518    518    1059    1605    

517    517    517    111    2154    

516    516    516    841    1206    

515    515    515    620    1936    

514    514    514    489    1715    

513    513    513    1086    1584    

512    512    512    913    2181    

511    511    511    446    2008    

510    510    510    627    1541    

509    509    509    255    1722    

508    508    508    316    1350    

507    507    507    157    1411    

506    506    506    977    1252    

505    505    505    1014    2072    

504    504    504    939    2109    

503    503    503    225    2034    

502    502    502    731    1320    

501    501    501    288    1826    

500    500    500    1023    1383    

499    499    499    123    2118    

498    498    498    248    1218    

497    497    497    911    1343    

496    496    496    486    2006    

495    495    495    992    1581    

494    494    494    570    2087    

493    493    493    349    1665    

492    492    492    479    1444    

491    491    491    370    1574    

490    490    490    417    1465    

489    489    489    1011    1512    

488    488    488    519    2106    

487    487    487    253    1614    

486    486    486    214    1348    

485    485    485    1043    1309    

484    484    484    31    2138    

483    483    483    741    1126    

482    482    482    1063    1836    

481    481    481    1025    2158    

480    480    480    877    2120    

479    479    479    827    1972    

478    478    478    325    1922    

477    477    477    90    1420    

476    476    476    1016    1185    

475    475    475    152    2111    

474    474    474    805    1247    

473    473    473    164    1900    

472    472    472    215    1259    

471    471    471    116    1310    

470    470    470    193    1211    

469    469    469    655    1288    

468    468    468    994    1750    

467    467    467    183    2089    

466    466    466    628    1278    

465    465    465    799    1723    

464    464    464    796    1894    

463    463    463    792    1891    

462    462    462    136    1887    

461    461    461    1090    1231    

460    460    460    1045    2185    

459    459    459    773    2140    

458    458    458    644    1868    

457    457    457    826    1739    

456    456    456    1018    1921    

455    455    455    303    2113    

454    454    454    839    1398    

453    453    453    886    1934    

452    452    452    840    1981    

451    451    451    447    1935    

450    450    450    763    1542    

449    449    449    786    1858    

448    448    448    293    1881    

447    447    447    933    1388    

446    446    446    634    2028    

445    445    445    944    1729    

444    444    444    943    2039    

443    443    443    597    2038    

442    442    442    122    1692    

441    441    441    950    1217    

440    440    440    266    2045    

439    439    439    734    1361    

438    438    438    271    1829    

437    437    437    1092    1366    

436    436    436    312    2187    

435    435    435    17    1407    

434    434    434    748    1112    

433    433    433    1067    1843    

432    432    432    672    2162    

431    431    431    366    1767    

430    430    430    256    1461    

429    429    429    2    1351    

428    428    428    569    1097    

427    427    427    550    1664    

426    426    426    65    1645    

425    425    425    169    1160    

424    424    424    476    1264    

423    423    423    477    1571    

422    422    422    807    1572    

421    421    421    885    1902    

420    420    420    648    1980    

419    419    419    326    1743    

418    418    418    133    1421    

417    417    417    641    1228    

416    416    416    713    1736    

415    415    415    710    1808    

414    414    414    147    1805    

413    413    413    462    1242    

412    412    412    228    1557    

411    411    411    653    1323    

410    410    410    936    1748    

409    409    409    740    2031    

408    408    408    963    1835    

407    407    407    1037    2058    

406    406    406    756    2132    

405    405    405    857    1851    

404    404    404    418    1952    

403    403    403    850    1513    

402    402    402    568    1945    

401    401    401    812    1663    

400    400    400    836    1907    

399    399    399    687    1931    

398    398    398    72    1782    

397    397    397    232    1167    

396    396    396    402    1327    

395    395    395    579    1497    

394    394    394    406    1674    

393    393    393    452    1501    

392    392    392    322    1547    

391    391    391    491    1417    

390    390    390    442    1586    

389    389    389    79    1537    

388    388    388    388    1174    

387    387    387    563    1483    

386    386    386    892    1658    

385    385    385    555    1987    

384    384    384    224    1650    

383    383    383    493    1319    

382    382    382    789    1588    

381    381    381    1030    1884    

380    380    380    1087    2125    

379    379    379    676    2182    

378    378    378    677    1771    

377    377    377    891    1772    

376    376    376    299    1986    

375    375    375    282    1394    

374    374    374    394    1377    

373    373    373    704    1489    

372    372    372    949    1799    

371    371    371    791    2044    

370    370    370    686    1886    

369    369    369    321    1781    

368    368    368    298    1416    

367    367    367    682    1393    

366    366    366    668    1777    

365    365    365    407    1763    

364    364    364    1032    1502    

363    363    363    53    2127    

362    362    362    15    1148    

361    361    361    521    1110    

360    360    360    708    1616    

359    359    359    340    1803    

358    358    358    714    1435    

357    357    357    389    1809    

356    356    356    310    1484    

355    355    355    880    1405    

354    354    354    453    1975    

353    353    353    1057    1548    

352    352    352    264    2152    

351    351    351    739    1359    

350    350    350    916    1834    

349    349    349    688    2011    

348    348    348    335    1783    

347    347    347    674    1430    

346    346    346    524    1769    

345    345    345    269    1619    

344    344    344    984    1364    

343    343    343    766    2079    

342    342    342    398    1861    

341    341    341    384    1493    

340    340    340    1062    1479    

339    339    339    635    2157    

338    338    338    495    1730    

337    337    337    518    1590    

336    336    336    862    1613    

335    335    335    387    1957    

334    334    334    143    1482    

333    333    333    830    1238    

332    332    332    670    1925    

331    331    331    767    1765    

330    330    330    107    1862    

329    329    329    1004    1202    

328    328    328    336    2099    

327    327    327    894    1431    

326    326    326    1064    1989    

325    325    325    10    2159    

324    324    324    319    1105    

323    323    323    664    1414    

322    322    322    471    1759    

321    321    321    85    1566    

320    320    320    1006    1180    

319    319    319    980    2101    

318    318    318    239    2075    

317    317    317    1058    1334    

316    316    316    922    2153    

315    315    315    998    2017    

314    314    314    782    2093    

313    313    313    846    1877    

312    312    312    694    1941    

311    311    311    233    1789    

310    310    310    1078    1328    

309    309    309    87    2173    

308    308    308    720    1182    

307    307    307    795    1815    

306    306    306    281    1890    

305    305    305    817    1376    

304    304    304    702    1912    

303    303    303    45    1797    

302    302    302    951    1140    

301    301    301    399    2046    

300    300    300    642    1494    

299    299    299    67    1737    

298    298    298    20    1162    

297    297    297    265    1115    

296    296    296    659    1360    

295    295    295    997    1754    

294    294    294    590    2092    

293    293    293    874    1685    

292    292    292    295    1969    

291    291    291    1071    1390    

290    290    290    958    2166    

289    289    289    794    2053    

288    288    288    1033    1889    

287    287    287    19    2128    

286    286    286    755    1114    

285    285    285    1035    1850    

284    284    284    639    2130    

283    283    283    43    1734    

282    282    282    1029    1138    

281    281    281    656    2124    

280    280    280    344    1751    

279    279    279    77    1439    

278    278    278    988    1172    

277    277    277    934    2083    

276    276    276    698    2029    

275    275    275    667    1793    

274    274    274    64    1762    

273    273    273    541    1159    

272    272    272    800    1636    

271    271    271    790    1895    

270    270    270    39    1885    

269    269    269    747    1134    

268    268    268    83    1842    

267    267    267    948    1178    

266    266    266    908    2043    

265    265    265    837    2003    

264    264    264    61    1932    

263    263    263    488    1156    

262    262    262    343    1583    

261    261    261    683    1438    

260    260    260    856    1778    

259    259    259    931    1951    

258    258    258    999    2026    

257    257    257    829    2094    

256    256    256    855    1924    

255    255    255    209    1950    

254    255    254    270    1095    

253    254    253    41    1304    

252    253    252    769    1136    

251    252    251    589    1864    

250    251    250    991    1684    

249    250    249    395    2086    

248    249    248    793    1490    

247    248    247    919    1888    

246    247    246    646    2014    

245    246    245    902    1741    

244    245    244    851    1997    

243    244    243    914    1946    

242    243    242    459    2009    

241    242    241    582    1554    

240    241    240    1068    1677    

239    240    239    11    2163    

238    239    238    920    1106    

237    238    237    1094    2015    

236    237    236    304    2189    

235    236    235    690    1399    

234    235    234    469    1785    

233    234    233    754    1564    

232    233    232    925    1849    

231    232    231    280    2020    

230    231    230    996    1375    

229    230    229    907    2091    

228    229    228    725    2002    

227    228    227    650    1820    

226    227    226    540    1745    

225    226    225    22    1635    

224    225    224    661    1117    

223    224    223    294    1756    

222    223    222    657    1389    

221    222    221    350    1752    

220    221    220    696    1445    

219    220    219    831    1791    

218    219    218    296    1926    

217    218    217    1074    1391    

216    217    216    924    2169    

215    216    215    788    2019    

214    215    214    146    1883    

213    214    213    46    1241    

212    213    212    631    1141    

211    212    211    990    1726    

210    211    210    861    2085    

209    210    209    337    1956    

208    209    208    888    1432    

207    208    207    475    1983    

206    207    206    26    1570    

205    206    205    465    1121    

204    205    204    600    1560    

203    204    203    436    1695    

202    203    202    509    1531    

201    202    201    307    1604    

200    201    200    353    1402    

199    200    199    728    1448    

198    199    198    167    1823    

197    198    197    556    1262    

196    197    196    380    1651    

195    196    195    760    1475    

194    195    194    1075    1855    

193    194    193    772    2170    

192    193    192    141    1867    

191    192    191    995    1236    

190    191    190    730    2090    

189    190    189    1069    1825    

188    189    188    776    2164    

187    188    187    222    1871    

186    187    186    314    1317    

185    186    185    771    1409    

184    185    184    359    1866    

183    184    183    470    1454    

182    183    182    858    1565    

181    182    181    993    1953    

180    181    180    433    2088    

179    180    179    182    1528    

178    179    178    809    1277    

177    178    177    764    1904    

176    177    176    612    1859    

175    176    175    176    1707    

174    175    174    542    1271    

173    174    173    638    1637    

172    173    172    1055    1733    

171    172    171    37    2150    

170    171    170    775    1132    

169    170    169    338    1870    

168    169    168    726    1433    

167    168    167    309    1821    

166    167    166    305    1404    

165    166    165    204    1400    

164    165    164    385    1299    

163    164    163    777    1480    

162    163    162    872    1872    

161    162    161    853    1967    

160    161    160    355    1948    

159    160    159    13    1450    

158    159    158    586    1108    

157    158    157    770    1681    

156    157    156    685    1865    

155    156    155    746    1780    

154    155    154    599    1841    

153    154    153    692    1694    

152    153    152    852    1787    

151    152    151    909    1947    

150    151    150    758    2004    

149    150    149    565    1853    

148    149    148    564    1660    

147    148    147    595    1659    

146    147    146    596    1690    

145    146    145    412    1691    

144    145    144    262    1507    

143    144    143    654    1357    

142    143    142    904    1749    

141    142    141    806    1999    

140    141    140    12    1901    

139    140    139    145    1107    

138    139    138    279    1240    

137    138    137    432    1374    

136    137    136    267    1527    

135    136    135    32    1362    

134    135    134    468    1127    

133    134    133    573    1563    

132    133    132    717    1668    

131    132    131    278    1812    

130    131    130    557    1373    

129    130    129    535    1652    

128    129    128    368    1630    

127    128    127    377    1463    

126    127    126    818    1472    

125    126    125    119    1913    

124    125    124    463    1214    

123    124    123    1008    1558    

122    123    122    44    2103    

121    122    121    317    1139    

120    121    120    978    1412    

119    120    119    645    2073    

118    119    118    618    1740    

117    118    117    445    1713    

116    117    116    1000    1540    

115    116    115    36    2095    

114    115    114    16    1131    

113    114    113    823    1111    

112    113    112    860    1918    

111    112    111    587    1955    

110    111    110    149    1682    

109    110    109    703    1244    

108    109    108    875    1798    

107    108    107    1010    1970    

106    107    106    300    2105    

105    106    105    435    1395    

104    105    104    308    1530    

103    104    103    680    1403    

102    103    102    784    1775    

101    102    101    115    1879    

100    101    100    121    1210    

99    100    99    691    1216    

98    99    98    814    1786    

97    98    97    494    1909    

96    97    96    671    1589    

95    96    95    342    1766    

94    95    94    745    1437    

93    94    93    718    1840    

92    93    92    761    1813    

91    92    91    1049    1856    

90    91    90    358    2144    

89    90    89    903    1453    

88    89    88    798    1998    

87    88    87    234    1893    

86    87    86    693    1329    

85    86    85    974    1788    

84    85    84    603    2069    

83    84    83    1065    1698    

82    83    82    396    2160    

81    82    81    138    1491    

80    81    80    1091    1233    

79    80    79    369    2186    

78    79    78    365    1464    

77    78    77    548    1460    

76    77    76    1015    1643    

75    76    75    947    2110    

74    75    74    558    2042    

73    74    73    915    1653    

72    73    72    647    2010    

71    72    71    306    1742    

70    71    70    887    1401    

69    70    69    973    1982    

68    69    68    1048    2068    

67    68    67    324    2143    

66    67    66    86    1419    

65    66    65    419    1181    

64    65    64    1009    1514    

63    64    63    941    2104    

62    63    62    220    2036    

61    62    61    113    1315    

60    61    60    820    1208    

59    60    59    898    1915    

58    59    58    237    1993    

57    58    57    813    1332    

56    57    56    878    1908    

55    56    55    390    1973    

54    55    54    451    1485    

53    54    53    835    1546    

52    53    52    882    1930    

51    52    51    923    1977    

50    51    50    517    2018    

49    50    49    581    1612    

48    49    48    881    1676    

47    48    47    240    1976    

46    47    46    1024    1335    

45    46    45    889    2119    

44    45    44    431    1984    

43    44    43    401    1526    

42    43    42    1050    1496    

41    42    41    397    2145    

40    41    40    376    1492    

39    40    39    423    1471    

38    39    38    450    1518    

37    38    37    482    1545    

36    37    36    400    1577    

35    36    35    1013    1495    

34    35    34    424    2108    

33    34    33    870    1519    

32    33    32    179    1965    

31    32    31    341    1274    

30    31    30    1089    1436    

29    30    29    774    2184    

28    29    28    952    1869    

27    28    27    890    2047    

26    27    26    460    1985    

25    26    25    932    1555    

24    25    24    301    2027    

23    24    23    810    1396    

22    23    22    391    1905    

21    22    21    28    1486    

20    21    20    411    1123    

19    20    19    910    1506    

18    19    18    781    2005    

17    18    17    959    1876    

16    17    16    905    2054    

15    16    15    1044    2000    

14    15    14    942    2139    

13    14    13    895    2037    

12    13    12    1001    1990    

11    12    11    205    2096    

10    11    10    751    1300    

9    10    9    425    1846    

8    9    8    801    1520    

7    8    7    1007    1896    

6    7    6    530    1365    

5    6    5    960    2102    

4    5    4    1002    2055    

3    4    3    845    2097    

2    3    2    871    1940    
